(106,42),(105,77),(426,43),(424,77),
(463,57),(444,83),(488,75),(462,99),(505,106),
(472,111),(513,129),(479,131),(513,355),(480,355),
(506,389),(476,377),(493,418),(465,402),(467,447),
(444,422),(439,466),(422,438),(402,479),(400,446),
(102,481),(103,448),(50,458),(70,434),(21,420),
(51,409),(13,380),(46,379),(22,341),(50,356),
(44,309),(67,332),(183,177),(204,200),(212,146),
(237,169),(265,129),(265,159),(321,142),(303,170),
(358,183),(328,196),(369,217),(335,221),(370,301),
(336,300),(359,333),(332,318),(342,362),(315,340),
(302,388),(287,357),(253,396),(252,362),(200,376),
(221,351),(32,203),(58,181),(13,153),(46,147),
(25,97),(54,114),(54,63),(77,86),(106,42),(105,77)
]